image: geofence_map_cornaredo_warehouse.png
resolution: 0.068689181
origin: [-104.957069262, -51.860331998, 0.0]
negate: 0
occupied_thresh: 0.65
free_thresh: 0.196
