waypoints:
  - latitude: 38.16156402885219
    longitude: -122.45454417230651
    yaw: 0.0
  - latitude: 38.16157999969264
    longitude: -122.45464149704621
    yaw: 0.0
  - latitude: 38.16149404377928
    longitude: -122.45448340168241
    yaw: 0.0