waypoints:
  - latitude: 38.161471630007775
    longitude: -122.45463125034432
    yaw: 1.3525532874736237
  - latitude: 38.16150422440755
    longitude: -122.45461799211967
    yaw: 0.02843541635194882
  - latitude: 38.16149751935424
    longitude: -122.45459689351891
    yaw: -1.2532447431957097
  - latitude: 38.16149867350446
    longitude: -122.45464057114518
    yaw: -1.349074508495905
